- Jet Lab
- Date: 2021-12-02 11:16:01
- Step: 100 motor steps
1457
1465
1467
1461
1461
1462
1459
1470
1461
1440
1448
1462
1469
1489
1472
1466
1460
1449
1473
1486
1490
1495
1462
1450
1439
1422
1443
1456
1464
1483
1475
1451
1444
1451
1475
1498
1494
1478
1447
1438
1474
1492
1509
1518
1493
1480
1461
1462
1468
1454
1461
1479
1466
1462
1446
1452
1463
1461
1462
1465
1449
1459
1475
1468
1462
1450
1448
1460
1448
1443
1456
1457
1454
1465
1472
1476
1481
1459
1449
1442
1455
1468
1472
1454
1451
1451
1466
1462
1462
1465
1452
1466
1470
1454
1455
1456
1466
1481
1470
1463
