- Jet Lab
- Date: 2021-12-02 11:20:30
- Step: 100 motor steps
1501
1506
1490
1500
1509
1519
1539
1523
1513
1517
1506
1503
1517
1517
1522
1504
1507
1522
1513
1526
1524
1514
1530
1541
1555
1565
1576
1583
1566
1547
1531
1502
1491
1496
1499
1493
1495
1487
1505
1538
1551
1567
1568
1559
1564
1557
1541
1531
1504
1489
1503
1510
1523
1545
1535
1524
1536
1534
1535
1532
1534
1523
1528
1523
1512
1539
1556
1558
1574
1587
1561
1534
1514
1502
1506
1513
1495
1488
1489
1491
1494
1496
1490
1485
1496
1519
1517
1537
1548
1551
1548
1546
1533
1534
1536
1517
1514
1503
1491
1511
