- Jet Lab
- Date: 2021-12-02 11:21:04
- Step: 100 motor steps
1505
1532
1512
1505
1487
1476
1465
1471
1492
1494
1502
1526
1532
1517
1532
1530
1501
1493
1479
1493
1518
1523
1518
1514
1525
1534
1520
1519
1509
1510
1503
1495
1481
1466
1499
1517
1527
1523
1522
1522
1543
1538
1512
1507
1518
1510
1517
1515
1509
1512
1515
1519
1542
1547
1540
1534
1529
1532
1544
1563
1561
1552
1554
1537
1523
1520
1505
1511
1501
1488
1498
1494
1505
1540
1549
1542
1545
1554
1544
1547
1525
1507
1478
1487
1539
1554
1549
1550
1528
1506
1506
1497
1508
1506
1521
1525
1499
1513
1525
1515
