- Jet Lab
- Date: 2021-12-02 12:04:28
- Step: 100 motor steps
977
950
962
1009
1004
1014
1012
992
974
977
1022
1040
1045
1035
925
979
986
1032
1048
1023
1019
967
994
989
1029
1001
975
995
961
1001
949
972
988
992
1022
984
977
1007
995
1029
1026
1032
1011
969
976
1004
986
964
995
1029
1036
984
988
1035
1034
1003
1012
986
1001
999
1022
1015
1020
997
985
1016
989
965
961
1015
1014
1003
997
986
977
960
969
1008
1017
1003
971
979
988
986
984
983
968
988
993
1000
981
980
999
1017
1004
967
1002
980
1006
1016
