- Jet Lab
- Date: 2021-12-02 12:03:47
- Step: 100 motor steps
2068
1931
1912
2031
2052
2106
2001
2006
1971
2011
1966
1970
2027
1961
1950
1813
1781
1812
1833
1835
1978
1973
2019
2098
1937
1998
2040
1924
1997
2128
2031
2078
2004
1855
1800
1997
1936
1987
1858
1939
2094
1956
1900
1954
2071
2082
1939
1919
1989
1948
1938
1955
1960
2064
2082
2004
1968
1887
2028
2008
1994
1989
1919
1860
1934
2111
2185
1995
1853
1856
1950
1979
2010
1863
1834
1832
1937
1854
1808
1764
1871
2031
2026
2102
1892
1913
1963
1981
2130
2080
1931
1919
1936
1949
1823
1816
1929
1977
1869
1867
